0.00	27.312
0.01	27.312
0.02	27.312
0.03	27.312
0.04	27.311
0.05	27.311
0.06	27.310
0.07	27.309
0.08	27.308
0.09	27.307
0.10	27.305
0.11	27.304
0.12	27.302
0.13	27.300
0.14	27.298
0.15	27.296
0.16	27.294
0.17	27.292
0.18	27.289
0.19	27.286
0.20	27.284
0.21	27.281
0.22	27.278
0.23	27.274
0.24	27.271
0.25	27.268
0.26	27.264
0.27	27.260
0.28	27.256
0.29	27.252
0.30	27.248
0.31	27.243
0.32	27.239
0.33	27.234
0.34	27.230
0.35	27.225
0.36	27.220
0.37	27.214
0.38	27.209
0.39	27.203
0.40	27.198
0.41	27.192
0.42	27.186
0.43	27.180
0.44	27.174
0.45	27.168
0.46	27.161
0.47	27.154
0.48	27.148
0.49	27.141
0.50	27.134
0.51	27.127
0.52	27.119
0.53	27.112
0.54	27.104
0.55	27.097
0.56	27.089
0.57	27.081
0.58	27.073
0.59	27.064
0.60	27.056
0.61	27.047
0.62	27.039
0.63	27.030
0.64	27.021
0.65	27.012
0.66	27.003
0.67	26.993
0.68	26.984
0.69	26.974
0.70	26.964
0.71	26.954
0.72	26.944
0.73	26.934
0.74	26.924
0.75	26.914
0.76	26.903
0.77	26.892
0.78	26.881
0.79	26.871
0.80	26.859
0.81	26.848
0.82	26.837
0.83	26.825
0.84	26.814
0.85	26.802
0.86	26.790
0.87	26.778
0.88	26.766
0.89	26.754
0.90	26.742
0.91	26.729
0.92	26.716
0.93	26.704
0.94	26.691
0.95	26.678
0.96	26.665
0.97	26.651
0.98	26.638
0.99	26.625
1.00	26.611
1.01	26.597
1.02	26.583
1.03	26.569
1.04	26.555
1.05	26.541
1.06	26.527
1.07	26.512
1.08	26.498
1.09	26.483
1.10	26.468
1.11	26.453
1.12	26.438
1.13	26.423
1.14	26.408
1.15	26.392
1.16	26.377
1.17	26.361
1.18	26.345
1.19	26.329
1.20	26.313
1.21	26.297
1.22	26.281
1.23	26.265
1.24	26.248
1.25	26.231
1.26	26.215
1.27	26.198
1.28	26.181
1.29	26.164
1.30	26.147
1.31	26.130
1.32	26.112
1.33	26.095
1.34	26.077
1.35	26.060
1.36	26.042
1.37	26.024
1.38	26.006
1.39	25.988
1.40	25.970
1.41	25.951
1.42	25.933
1.43	25.914
1.44	25.896
1.45	25.877
1.46	25.858
1.47	25.839
1.48	25.820
1.49	25.801
1.50	25.782
1.51	25.762
1.52	25.743
1.53	25.723
1.54	25.704
1.55	25.684
1.56	25.664
1.57	25.644
1.58	25.624
1.59	25.604
1.60	25.584
1.61	25.563
1.62	25.543
1.63	25.523
1.64	25.502
1.65	25.481
1.66	25.460
1.67	25.440
1.68	25.419
1.69	25.398
1.70	25.376
1.71	25.355
1.72	25.334
1.73	25.312
1.74	25.291
1.75	25.269
1.76	25.248
1.77	25.226
1.78	25.204
1.79	25.182
1.80	25.160
1.81	25.138
1.82	25.116
1.83	25.093
1.84	25.071
1.85	25.049
1.86	25.026
1.87	25.003
1.88	24.981
1.89	24.958
1.90	24.935
1.91	24.912
1.92	24.889
1.93	24.866
1.94	24.843
1.95	24.820
1.96	24.796
1.97	24.773
1.98	24.750
1.99	24.726
2.00	24.702
2.01	24.679
2.02	24.655
2.03	24.631
2.04	24.607
2.05	24.583
2.06	24.559
2.07	24.535
2.08	24.511
2.09	24.487
2.10	24.462
2.11	24.438
2.12	24.414
2.13	24.389
2.14	24.364
2.15	24.340
2.16	24.315
2.17	24.290
2.18	24.265
2.19	24.241
2.20	24.216
2.21	24.191
2.22	24.165
2.23	24.140
2.24	24.115
2.25	24.090
2.26	24.065
2.27	24.039
2.28	24.014
2.29	23.988
2.30	23.963
2.31	23.937
2.32	23.911
2.33	23.886
2.34	23.860
2.35	23.834
2.36	23.808
2.37	23.782
2.38	23.756
2.39	23.730
2.40	23.704
2.41	23.678
2.42	23.652
2.43	23.626
2.44	23.599
2.45	23.573
2.46	23.546
2.47	23.520
2.48	23.494
2.49	23.467
2.50	23.440
2.51	23.414
2.52	23.387
2.53	23.361
2.54	23.334
2.55	23.307
2.56	23.280
2.57	23.253
2.58	23.226
2.59	23.199
2.60	23.172
2.61	23.145
2.62	23.118
2.63	23.091
2.64	23.064
2.65	23.037
2.66	23.010
2.67	22.982
2.68	22.955
2.69	22.928
2.70	22.900
2.71	22.873
2.72	22.846
2.73	22.818
2.74	22.791
2.75	22.763
2.76	22.736
2.77	22.708
2.78	22.680
2.79	22.653
2.80	22.625
2.81	22.597
2.82	22.570
2.83	22.542
2.84	22.514
2.85	22.486
2.86	22.458
2.87	22.430
2.88	22.403
2.89	22.375
2.90	22.347
2.91	22.319
2.92	22.291
2.93	22.263
2.94	22.235
2.95	22.207
2.96	22.179
2.97	22.150
2.98	22.122
2.99	22.094
3.00	22.066
3.01	22.038
3.02	22.010
3.03	21.981
3.04	21.953
3.05	21.925
3.06	21.897
3.07	21.868
3.08	21.840
3.09	21.812
3.10	21.783
3.11	21.755
3.12	21.727
3.13	21.698
3.14	21.670
3.15	21.642
3.16	21.613
3.17	21.585
3.18	21.556
3.19	21.528
3.20	21.500
3.21	21.471
3.22	21.443
3.23	21.414
3.24	21.386
3.25	21.357
3.26	21.329
3.27	21.300
3.28	21.272
3.29	21.243
3.30	21.215
3.31	21.186
3.32	21.158
3.33	21.129
3.34	21.101
3.35	21.072
3.36	21.044
3.37	21.015
3.38	20.986
3.39	20.958
3.40	20.929
3.41	20.901
3.42	20.872
3.43	20.844
3.44	20.815
3.45	20.787
3.46	20.758
3.47	20.730
3.48	20.701
3.49	20.672
3.50	20.644
3.51	20.615
3.52	20.587
3.53	20.558
3.54	20.530
3.55	20.501
3.56	20.473
3.57	20.444
3.58	20.416
3.59	20.387
3.60	20.359
3.61	20.330
3.62	20.302
3.63	20.273
3.64	20.245
3.65	20.217
3.66	20.188
3.67	20.160
3.68	20.131
3.69	20.103
3.70	20.074
3.71	20.046
3.72	20.018
3.73	19.989
3.74	19.961
3.75	19.933
3.76	19.904
3.77	19.876
3.78	19.848
3.79	19.819
3.80	19.791
3.81	19.763
3.82	19.735
3.83	19.706
3.84	19.678
3.85	19.650
3.86	19.622
3.87	19.594
3.88	19.565
3.89	19.537
3.90	19.509
3.91	19.481
3.92	19.453
3.93	19.425
3.94	19.397
3.95	19.369
3.96	19.341
3.97	19.313
3.98	19.285
3.99	19.257
4.00	19.229
4.01	19.201
4.02	19.173
4.03	19.145
4.04	19.117
4.05	19.089
4.06	19.062
4.07	19.034
4.08	19.006
4.09	18.978
4.10	18.951
4.11	18.923
4.12	18.895
4.13	18.868
4.14	18.840
4.15	18.812
4.16	18.785
4.17	18.757
4.18	18.730
4.19	18.702
4.20	18.675
4.21	18.647
4.22	18.620
4.23	18.592
4.24	18.565
4.25	18.537
4.26	18.510
4.27	18.483
4.28	18.455
4.29	18.428
4.30	18.401
4.31	18.374
4.32	18.347
4.33	18.319
4.34	18.292
4.35	18.265
4.36	18.238
4.37	18.211
4.38	18.184
4.39	18.157
4.40	18.130
4.41	18.103
4.42	18.076
4.43	18.049
4.44	18.023
4.45	17.996
4.46	17.969
4.47	17.942
4.48	17.916
4.49	17.889
4.50	17.862
4.51	17.836
4.52	17.809
4.53	17.782
4.54	17.756
4.55	17.729
4.56	17.703
4.57	17.677
4.58	17.650
4.59	17.624
4.60	17.597
4.61	17.571
4.62	17.545
4.63	17.519
4.64	17.492
4.65	17.466
4.66	17.440
4.67	17.414
4.68	17.388
4.69	17.362
4.70	17.336
4.71	17.310
4.72	17.284
4.73	17.258
4.74	17.232
4.75	17.206
4.76	17.181
4.77	17.155
4.78	17.129
4.79	17.103
4.80	17.078
4.81	17.052
4.82	17.027
4.83	17.001
4.84	16.975
4.85	16.950
4.86	16.925
4.87	16.899
4.88	16.874
4.89	16.848
4.90	16.823
4.91	16.798
4.92	16.773
4.93	16.747
4.94	16.722
4.95	16.697
4.96	16.672
4.97	16.647
4.98	16.622
4.99	16.597
5.00	16.572
5.01	16.547
5.02	16.522
5.03	16.498
5.04	16.473
5.05	16.448
5.06	16.423
5.07	16.399
5.08	16.374
5.09	16.349
5.10	16.325
5.11	16.300
5.12	16.276
5.13	16.251
5.14	16.227
5.15	16.203
5.16	16.178
5.17	16.154
5.18	16.130
5.19	16.106
5.20	16.082
5.21	16.057
5.22	16.033
5.23	16.009
5.24	15.985
5.25	15.961
5.26	15.937
5.27	15.913
5.28	15.890
5.29	15.866
5.30	15.842
5.31	15.818
5.32	15.795
5.33	15.771
5.34	15.747
5.35	15.724
5.36	15.700
5.37	15.677
5.38	15.653
5.39	15.630
5.40	15.606
5.41	15.583
5.42	15.560
5.43	15.537
5.44	15.513
5.45	15.490
5.46	15.467
5.47	15.444
5.48	15.421
5.49	15.398
5.50	15.375
5.51	15.352
5.52	15.329
5.53	15.306
5.54	15.283
5.55	15.261
5.56	15.238
5.57	15.215
5.58	15.192
5.59	15.170
5.60	15.147
5.61	15.125
5.62	15.102
5.63	15.080
5.64	15.057
5.65	15.035
5.66	15.013
5.67	14.990
5.68	14.968
5.69	14.946
5.70	14.924
5.71	14.902
5.72	14.880
5.73	14.857
5.74	14.835
5.75	14.814
5.76	14.792
5.77	14.770
5.78	14.748
5.79	14.726
5.80	14.704
5.81	14.683
5.82	14.661
5.83	14.639
5.84	14.618
5.85	14.596
5.86	14.575
5.87	14.553
5.88	14.532
5.89	14.510
5.90	14.489
5.91	14.468
5.92	14.446
5.93	14.425
5.94	14.404
5.95	14.383
5.96	14.362
5.97	14.340
5.98	14.319
5.99	14.298
6.00	14.277
6.01	14.257
6.02	14.236
6.03	14.215
6.04	14.194
6.05	14.173
6.06	14.153
6.07	14.132
6.08	14.111
6.09	14.091
6.10	14.070
6.11	14.050
6.12	14.029
6.13	14.009
6.14	13.988
6.15	13.968
6.16	13.948
6.17	13.927
6.18	13.907
6.19	13.887
6.20	13.867
6.21	13.847
6.22	13.827
6.23	13.807
6.24	13.787
6.25	13.767
6.26	13.747
6.27	13.727
6.28	13.707
6.29	13.687
6.30	13.667
6.31	13.648
6.32	13.628
6.33	13.608
6.34	13.589
6.35	13.569
6.36	13.550
6.37	13.530
6.38	13.511
6.39	13.491
6.40	13.472
6.41	13.453
6.42	13.434
6.43	13.414
6.44	13.395
6.45	13.376
6.46	13.357
6.47	13.338
6.48	13.319
6.49	13.300
6.50	13.281
6.51	13.262
6.52	13.243
6.53	13.224
6.54	13.205
6.55	13.186
6.56	13.168
6.57	13.149
6.58	13.130
6.59	13.112
6.60	13.093
6.61	13.075
6.62	13.056
6.63	13.038
6.64	13.019
6.65	13.001
6.66	12.983
6.67	12.964
6.68	12.946
6.69	12.928
6.70	12.910
6.71	12.891
6.72	12.873
6.73	12.855
6.74	12.837
6.75	12.819
6.76	12.801
6.77	12.783
6.78	12.765
6.79	12.748
6.80	12.730
6.81	12.712
6.82	12.694
6.83	12.677
6.84	12.659
6.85	12.641
6.86	12.624
6.87	12.606
6.88	12.589
6.89	12.571
6.90	12.554
6.91	12.536
6.92	12.519
6.93	12.502
6.94	12.484
6.95	12.467
6.96	12.450
6.97	12.433
6.98	12.416
6.99	12.398
7.00	12.381
7.01	12.364
7.02	12.347
7.03	12.330
7.04	12.313
7.05	12.297
7.06	12.280
7.07	12.263
7.08	12.246
7.09	12.229
7.10	12.213
7.11	12.196
7.12	12.179
7.13	12.163
7.14	12.146
7.15	12.130
7.16	12.113
7.17	12.097
7.18	12.081
7.19	12.064
7.20	12.048
7.21	12.032
7.22	12.015
7.23	11.999
7.24	11.983
7.25	11.967
7.26	11.951
7.27	11.934
7.28	11.918
7.29	11.902
7.30	11.886
7.31	11.871
7.32	11.855
7.33	11.839
7.34	11.823
7.35	11.807
7.36	11.791
7.37	11.776
7.38	11.760
7.39	11.744
7.40	11.729
7.41	11.713
7.42	11.698
7.43	11.682
7.44	11.667
7.45	11.651
7.46	11.636
7.47	11.620
7.48	11.605
7.49	11.590
7.50	11.574
7.51	11.559
7.52	11.544
7.53	11.529
7.54	11.514
7.55	11.498
7.56	11.483
7.57	11.468
7.58	11.453
7.59	11.438
7.60	11.423
7.61	11.409
7.62	11.394
7.63	11.379
7.64	11.364
7.65	11.349
7.66	11.335
7.67	11.320
7.68	11.305
7.69	11.291
7.70	11.276
7.71	11.261
7.72	11.247
7.73	11.232
7.74	11.218
7.75	11.204
7.76	11.189
7.77	11.175
7.78	11.160
7.79	11.146
7.80	11.132
7.81	11.118
7.82	11.103
7.83	11.089
7.84	11.075
7.85	11.061
7.86	11.047
7.87	11.033
7.88	11.019
7.89	11.005
7.90	10.991
7.91	10.977
7.92	10.963
7.93	10.949
7.94	10.936
7.95	10.922
7.96	10.908
7.97	10.894
7.98	10.881
7.99	10.867
8.00	10.854
8.01	10.840
8.02	10.826
8.03	10.813
8.04	10.799
8.05	10.786
8.06	10.772
8.07	10.759
8.08	10.746
8.09	10.732
8.10	10.719
8.11	10.706
8.12	10.693
8.13	10.679
8.14	10.666
8.15	10.653
8.16	10.640
8.17	10.627
8.18	10.614
8.19	10.601
8.20	10.588
8.21	10.575
8.22	10.562
8.23	10.549
8.24	10.536
8.25	10.523
8.26	10.511
8.27	10.498
8.28	10.485
8.29	10.472
8.30	10.460
8.31	10.447
8.32	10.434
8.33	10.422
8.34	10.409
8.35	10.397
8.36	10.384
8.37	10.372
8.38	10.359
8.39	10.347
8.40	10.335
8.41	10.322
8.42	10.310
8.43	10.298
8.44	10.285
8.45	10.273
8.46	10.261
8.47	10.249
8.48	10.237
8.49	10.225
8.50	10.213
8.51	10.200
8.52	10.188
8.53	10.176
8.54	10.164
8.55	10.153
8.56	10.141
8.57	10.129
8.58	10.117
8.59	10.105
8.60	10.093
8.61	10.082
8.62	10.070
8.63	10.058
8.64	10.046
8.65	10.035
8.66	10.023
8.67	10.012
8.68	10.000
8.69	9.989
8.70	9.977
8.71	9.966
8.72	9.954
8.73	9.943
8.74	9.931
8.75	9.920
8.76	9.909
8.77	9.897
8.78	9.886
8.79	9.875
8.80	9.864
8.81	9.852
8.82	9.841
8.83	9.830
8.84	9.819
8.85	9.808
8.86	9.797
8.87	9.786
8.88	9.775
8.89	9.764
8.90	9.753
8.91	9.742
8.92	9.731
8.93	9.720
8.94	9.709
8.95	9.699
8.96	9.688
8.97	9.677
8.98	9.666
8.99	9.656
9.00	9.645
9.01	9.634
9.02	9.624
9.03	9.613
9.04	9.603
9.05	9.592
9.06	9.581
9.07	9.571
9.08	9.561
9.09	9.550
9.10	9.540
9.11	9.529
9.12	9.519
9.13	9.509
9.14	9.498
9.15	9.488
9.16	9.478
9.17	9.468
9.18	9.457
9.19	9.447
9.20	9.437
9.21	9.427
9.22	9.417
9.23	9.407
9.24	9.397
9.25	9.387
9.26	9.377
9.27	9.367
9.28	9.357
9.29	9.347
9.30	9.337
9.31	9.327
9.32	9.317
9.33	9.308
9.34	9.298
9.35	9.288
9.36	9.278
9.37	9.268
9.38	9.259
9.39	9.249
9.40	9.239
9.41	9.230
9.42	9.220
9.43	9.211
9.44	9.201
9.45	9.192
9.46	9.182
9.47	9.173
9.48	9.163
9.49	9.154
9.50	9.144
9.51	9.135
9.52	9.126
9.53	9.116
9.54	9.107
9.55	9.098
9.56	9.089
9.57	9.079
9.58	9.070
9.59	9.061
9.60	9.052
9.61	9.043
9.62	9.034
9.63	9.024
9.64	9.015
9.65	9.006
9.66	8.997
9.67	8.988
9.68	8.979
9.69	8.970
9.70	8.962
9.71	8.953
9.72	8.944
9.73	8.935
9.74	8.926
9.75	8.917
9.76	8.909
9.77	8.900
9.78	8.891
9.79	8.882
9.80	8.874
9.81	8.865
9.82	8.856
9.83	8.848
9.84	8.839
9.85	8.830
9.86	8.822
9.87	8.813
9.88	8.805
9.89	8.796
9.90	8.788
9.91	8.779
9.92	8.771
9.93	8.763
9.94	8.754
9.95	8.746
9.96	8.738
9.97	8.729
9.98	8.721
9.99	8.713
10.00	8.704
